0 0 0 0 0 0 0 0 0 0 0
1 0 0 17.2977 10.3786 24.2168 2.96047 6.08095 12.3082 24.5453 48.8074
2 3.45954 6.91907 24.2168 34.5954 76.1098 5.91423 12.1392 24.5345 48.786 96.4495
3 10.3786 10.3786 27.6763 69.1907 152.22 8.8613 18.1749 36.6794 72.7251 142.947
4 10.3786 13.8381 41.5144 76.1098 221.41 11.8017 24.1881 48.7433 96.3652 188.321
5 10.3786 13.8381 41.5144 121.084 276.763 14.7354 30.1787 60.7266 119.709 232.591
6 13.8381 17.2977 44.974 145.301 307.899 17.6625 36.147 72.6296 142.76 275.78
7 17.2977 31.1358 62.2717 166.058 363.251 20.5829 42.093 84.4529 165.52 317.906
8 27.6763 34.5954 69.1907 197.194 408.225 23.4967 48.0166 96.1968 187.993 358.99
9 27.6763 34.5954 69.1907 211.032 439.361 26.4039 53.9181 107.862 210.181 399.053
10 31.1358 44.974 79.5694 224.87 467.038 29.3045 59.7974 119.448 232.087 438.115
11 34.5954 51.8931 96.867 245.627 501.633 32.1985 65.6547 130.956 253.713 476.196
12 38.0549 55.3526 110.705 266.384 525.85 35.0859 71.49 142.387 275.064 513.315
13 38.0549 58.8121 117.624 280.223 570.824 37.9667 77.3033 153.74 296.14 549.493
14 38.0549 62.2717 121.084 287.142 601.959 40.841 83.0948 165.017 316.945 584.748
15 48.4335 69.1907 141.841 321.737 636.555 43.7088 88.8644 176.216 337.483 619.1
16 51.8931 76.1098 159.139 349.413 664.231 46.57 94.6124 187.34 357.755 652.569
17 55.3526 79.5694 172.977 356.332 695.367 49.4247 100.339 198.388 377.764 685.172
18 62.2717 89.948 200.653 377.09 733.422 52.2729 106.043 209.361 397.513 716.929
19 65.7312 96.867 214.491 411.685 761.098 55.1146 111.726 220.259 417.004 747.858
20 69.1907 110.705 231.789 439.361 781.855 57.9498 117.388 231.082 436.242 777.977
21 72.6503 124.543 242.168 453.199 819.91 60.7786 123.028 241.832 455.227 807.304
22 72.6503 131.462 256.006 477.416 847.587 63.6009 128.647 252.507 473.963 835.858
23 72.6503 138.381 256.006 501.633 878.722 66.4168 134.245 263.11 492.452 863.655
24 72.6503 145.301 262.925 515.471 899.48 69.2262 139.821 273.639 510.697 890.713
25 72.6503 152.22 283.682 529.309 916.777 72.0292 145.376 284.096 528.701 917.048
26 83.0289 152.22 294.061 550.066 937.535 74.8258 150.91 294.481 546.467 942.678
27 83.0289 159.139 311.358 563.905 961.751 77.6161 156.423 304.795 563.996 967.619
28 100.327 166.058 311.358 577.743 999.806 80.3999 161.915 315.037 581.292 991.888
29 103.786 172.977 321.737 601.959 1017.1 83.1774 167.387 325.208 598.357 1015.5
30 103.786 183.355 332.116 619.257 1034.4 85.9485 172.837 335.309 615.193 1038.47
31 107.246 186.815 342.494 633.095 1072.46 88.7133 178.267 345.34 631.804 1060.81
32 107.246 190.275 345.954 650.393 1086.29 91.4717 183.676 355.301 648.191 1082.55
33 114.165 204.113 359.792 664.231 1093.21 94.2238 189.064 365.192 664.357 1103.69
34 117.624 204.113 373.63 674.61 1117.43 96.9697 194.432 375.015 680.306 1124.25
35 121.084 217.951 377.09 691.907 1148.57 99.7092 199.779 384.769 696.038 1144.24
36 124.543 217.951 384.009 716.124 1158.94 102.442 205.106 394.456 711.557 1163.68
37 131.462 221.41 401.306 729.962 1197 105.169 210.412 404.074 726.865 1182.58
38 131.462 228.329 411.685 733.422 1203.92 107.89 215.698 413.625 741.965 1200.95
39 138.381 235.249 422.064 747.26 1224.68 110.605 220.964 423.109 756.859 1218.81
40 145.301 238.708 425.523 768.017 1248.89 113.313 226.21 432.527 771.549 1236.18
41 145.301 238.708 428.983 802.613 1280.03 116.015 231.436 441.878 786.038 1253.06
42 145.301 242.168 439.361 812.991 1290.41 118.711 236.641 451.164 800.328 1269.46
43 145.301 249.087 446.28 826.829 1311.16 121.4 241.826 460.384 814.421 1285.41
44 145.301 249.087 453.199 840.668 1328.46 124.084 246.992 469.539 828.321 1300.9
45 145.301 256.006 460.118 861.425 1345.76 126.761 252.138 478.63 842.028 1315.96
46 141.841 256.006 470.497 882.182 1363.06 129.432 257.264 487.656 855.546 1330.59
47 148.76 259.465 484.335 889.101 1369.98 132.097 262.37 496.618 868.876 1344.8
48 152.22 269.844 487.795 899.48 1387.27 134.756 267.456 505.517 882.022 1358.61
49 159.139 273.303 491.254 909.858 1397.65 137.408 272.523 514.353 894.984 1372.03
50 162.598 273.303 491.254 920.237 1421.87 140.055 277.57 523.125 907.766 1385.07
51 166.058 276.763 501.633 934.075 1432.25 142.695 282.598 531.836 920.37 1397.73
52 169.517 280.223 505.092 940.994 1439.17 145.33 287.606 540.484 932.797 1410.03
53 172.977 287.142 508.552 944.454 1442.63 147.958 292.595 549.071 945.05 1421.98
54 179.896 294.061 522.39 951.373 1449.55 150.58 297.565 557.596 957.132 1433.58
55 193.734 297.52 525.85 954.832 1473.76 153.196 302.515 566.061 969.043 1444.85
56 193.734 304.439 525.85 961.751 1497.98 155.807 307.447 574.465 980.787 1455.8
57 193.734 304.439 529.309 965.211 1504.9 158.411 312.359 582.808 992.366 1466.42
58 197.194 321.737 536.228 965.211 1508.36 161.009 317.252 591.092 1003.78 1476.75
59 197.194 321.737 550.066 968.67 1522.2 163.601 322.126 599.317 1015.03 1486.77
60 207.572 332.116 563.905 975.59 1539.49 166.187 326.981 607.482 1026.13 1496.5
61 207.572 342.494 581.202 979.049 1549.87 168.767 331.817 615.589 1037.07 1505.95
62 207.572 342.494 584.662 989.428 1560.25 171.341 336.635 623.637 1047.85 1515.13
63 207.572 349.413 588.121 1013.64 1560.25 173.909 341.433 631.627 1058.47 1524.04
64 207.572 352.873 595.04 1020.56 1563.71 176.471 346.213 639.559 1068.95 1532.68
65 211.032 363.251 601.959 1034.4 1563.71 179.028 350.975 647.435 1079.28 1541.08
66 211.032 370.17 601.959 1044.78 1577.55 181.578 355.718 655.253 1089.46 1549.23
67 214.491 373.63 612.338 1058.62 1587.93 184.123 360.442 663.014 1099.49 1557.14
68 214.491 377.09 615.798 1065.54 1594.85 186.661 365.148 670.72 1109.38 1564.82
69 217.951 377.09 626.176 1072.46 1608.68 189.194 369.835 678.369 1119.13 1572.28
70 217.951 377.09 626.176 1089.75 1629.44 191.72 374.504 685.963 1128.74 1579.51
71 217.951 380.549 633.095 1086.29 1632.9 194.241 379.155 693.501 1138.21 1586.54
72 217.951 384.009 633.095 1100.13 1657.12 196.756 383.788 700.985 1147.54 1593.36
73 217.951 390.928 636.555 1110.51 1660.58 199.266 388.402 708.414 1156.74 1599.97
74 217.951 390.928 640.014 1120.89 1664.04 201.769 392.999 715.789 1165.8 1606.39
75 224.87 401.306 653.853 1117.43 1664.04 204.267 397.577 723.111 1174.74 1612.63
76 224.87 408.225 667.691 1117.43 1670.96 206.758 402.137 730.378 1183.54 1618.68
77 228.329 408.225 684.988 1124.35 1674.42 209.244 406.68 737.593 1192.22 1624.54
78 228.329 408.225 688.448 1124.35 1681.34 211.725 411.205 744.755 1200.77 1630.24
79 224.87 408.225 698.827 1134.73 1681.34 214.199 415.711 751.864 1209.2 1635.77
80 224.87 411.685 702.286 1152.03 1677.88 216.668 420.201 758.921 1217.51 1641.13
81 228.329 415.144 716.124 1158.94 1688.25 219.131 424.672 765.926 1225.69 1646.34
82 228.329 422.064 726.503 1172.78 1688.25 221.588 429.126 772.88 1233.75 1651.39
83 231.789 425.523 729.962 1183.16 1681.34 224.039 433.562 779.782 1241.7 1656.29
84 238.708 432.442 740.341 1197 1681.34 226.485 437.981 786.634 1249.53 1661.04
85 238.708 439.361 747.26 1210.84 1691.71 228.925 442.382 793.435 1257.25 1665.66
86 242.168 439.361 747.26 1214.3 1691.71 231.359 446.766 800.186 1264.85 1670.13
87 256.006 460.118 768.017 1217.76 1695.17 233.788 451.133 806.887 1272.34 1674.48
88 256.006 463.578 778.396 1235.05 1695.17 236.211 455.482 813.539 1279.72 1678.69
89 256.006 463.578 778.396 1252.35 1698.63 238.628 459.815 820.141 1286.99 1682.78
90 256.006 477.416 785.315 1259.27 1698.63 241.04 464.13 826.695 1294.16 1686.74
91 259.465 480.876 799.153 1276.57 1691.71 243.446 468.428 833.2 1301.22 1690.59
92 262.925 491.254 806.072 1286.95 1691.71 245.846 472.709 839.656 1308.18 1694.32
93 262.925 494.714 809.532 1300.79 1695.17 248.241 476.973 846.065 1315.03 1697.95
94 266.384 494.714 819.91 1304.25 1691.71 250.63 481.22 852.426 1321.78 1701.46
95 266.384 494.714 823.37 1304.25 1691.71 253.014 485.45 858.74 1328.43 1704.87
96 269.844 501.633 826.829 1307.71 1702.09 255.392 489.663 865.007 1334.99 1708.17
97 269.844 512.012 830.289 1314.62 1709.01 257.765 493.86 871.227 1341.45 1711.38
98 273.303 515.471 833.748 1321.54 1715.93 260.131 498.04 877.4 1347.81 1714.49
99 287.142 515.471 844.127 1328.46 1712.47 262.493 502.204 883.528 1354.07 1717.51
100 290.601 525.85 851.046 1328.46 1715.93 264.849 506.35 889.61 1360.25 1720.44
101 290.601 529.309 868.344 1342.3 1712.47 267.199 510.481 895.646 1366.33 1723.28
102 290.601 532.769 878.722 1338.84 1719.39 269.544 514.595 901.637 1372.32 1726.03
103 290.601 543.147 885.642 1345.76 1715.93 271.883 518.692 907.584 1378.22 1728.71
104 294.061 550.066 885.642 1352.68 1729.77 274.217 522.773 913.486 1384.04 1731.3
105 300.98 563.905 889.101 1363.06 1733.23 276.545 526.838 919.343 1389.76 1733.81
106 300.98 563.905 892.561 1366.52 1736.69 278.868 530.887 925.157 1395.41 1736.25
107 304.439 567.364 892.561 1373.44 1736.69 281.186 534.919 930.926 1400.96 1738.62
108 304.439 563.905 902.939 1376.9 1733.23 283.498 538.935 936.653 1406.44 1740.91
109 304.439 567.364 909.858 1394.19 1733.23 285.804 542.935 942.336 1411.83 1743.14
110 304.439 570.824 920.237 1404.57 1729.77 288.105 546.92 947.977 1417.14 1745.29
111 304.439 570.824 927.156 1401.11 1736.69 290.401 550.888 953.575 1422.38 1747.39
112 311.358 570.824 934.075 1401.11 1736.69 292.691 554.84 959.131 1427.53 1749.42
113 314.818 574.283 940.994 1418.41 1740.15 294.976 558.777 964.645 1432.61 1751.39
114 318.277 577.743 947.913 1418.41 1743.61 297.256 562.698 970.117 1437.61 1753.3
115 321.737 577.743 951.373 1418.41 1747.07 299.53 566.603 975.548 1442.53 1755.15
116 325.197 588.121 958.292 1432.25 1747.07 301.799 570.492 980.938 1447.38 1756.95
117 325.197 591.581 961.751 1428.79 1740.15 304.063 574.366 986.287 1452.16 1758.69
118 328.656 598.5 961.751 1442.63 1743.61 306.321 578.224 991.595 1456.87 1760.38
119 328.656 608.879 961.751 1442.63 1750.53 308.574 582.067 996.863 1461.5 1762.02
120 332.116 612.338 968.67 1453.01 1750.53 310.821 585.894 1002.09 1466.07 1763.61
121 332.116 615.798 972.13 1449.55 1750.53 310.543 585.359 1001.15 1464.65 1761.86
122 332.116 615.798 972.13 1446.09 1750.53 310.264 584.825 1000.21 1463.23 1760.11
123 332.116 615.798 968.67 1442.63 1750.53 309.986 584.292 999.272 1461.81 1758.37
124 332.116 615.798 968.67 1442.63 1750.53 309.709 583.758 998.334 1460.39 1756.63
125 332.116 615.798 968.67 1442.63 1750.53 309.431 583.226 997.397 1458.97 1754.88
126 332.116 615.798 965.211 1442.63 1750.53 309.154 582.694 996.461 1457.56 1753.15
127 332.116 615.798 965.211 1439.17 1750.53 308.877 582.162 995.525 1456.15 1751.41
128 332.116 615.798 961.751 1439.17 1750.53 308.601 581.631 994.591 1454.73 1749.68
129 332.116 615.798 961.751 1432.25 1747.07 308.324 581.1 993.658 1453.32 1747.94
130 332.116 615.798 961.751 1432.25 1747.07 308.048 580.57 992.726 1451.92 1746.21
131 332.116 608.879 958.292 1432.25 1740.15 307.772 580.041 991.794 1450.51 1744.48
132 332.116 608.879 958.292 1432.25 1740.15 307.496 579.512 990.864 1449.1 1742.76
133 332.116 608.879 958.292 1432.25 1736.69 307.221 578.983 989.934 1447.7 1741.03
134 332.116 608.879 954.832 1432.25 1736.69 306.946 578.455 989.005 1446.3 1739.31
135 328.656 608.879 951.373 1432.25 1736.69 306.671 577.928 988.078 1444.9 1737.59
136 328.656 608.879 951.373 1432.25 1736.69 306.396 577.4 987.151 1443.5 1735.87
137 325.197 608.879 951.373 1432.25 1736.69 306.122 576.874 986.225 1442.1 1734.15
138 321.737 608.879 951.373 1428.79 1733.23 305.848 576.348 985.3 1440.7 1732.44
139 325.197 608.879 951.373 1425.33 1733.23 305.574 575.822 984.376 1439.31 1730.72
140 325.197 608.879 947.913 1425.33 1733.23 305.3 575.297 983.453 1437.91 1729.01
141 325.197 608.879 947.913 1425.33 1733.23 305.027 574.773 982.531 1436.52 1727.3
142 325.197 608.879 947.913 1425.33 1733.23 304.754 574.249 981.61 1435.13 1725.59
143 325.197 608.879 947.913 1425.33 1733.23 304.481 573.725 980.69 1433.74 1723.89
144 325.197 608.879 947.913 1425.33 1729.77 304.208 573.202 979.77 1432.35 1722.18
145 325.197 608.879 947.913 1421.87 1726.31 303.936 572.679 978.852 1430.97 1720.48
146 325.197 608.879 944.454 1421.87 1722.85 303.663 572.157 977.934 1429.58 1718.78
147 325.197 605.419 944.454 1414.95 1722.85 303.392 571.636 977.018 1428.2 1717.08
148 325.197 605.419 944.454 1414.95 1722.85 303.12 571.114 976.102 1426.82 1715.39
149 325.197 605.419 944.454 1414.95 1722.85 302.848 570.594 975.187 1425.44 1713.69
150 325.197 605.419 944.454 1414.95 1722.85 302.577 570.074 974.273 1424.06 1712
151 325.197 605.419 944.454 1411.49 1722.85 302.306 569.554 973.36 1422.68 1710.31
152 325.197 605.419 940.994 1411.49 1719.39 302.036 569.035 972.448 1421.3 1708.62
153 325.197 605.419 940.994 1411.49 1719.39 301.765 568.516 971.537 1419.93 1706.93
154 325.197 605.419 940.994 1411.49 1719.39 301.495 567.998 970.627 1418.56 1705.25
155 325.197 605.419 940.994 1411.49 1719.39 301.225 567.48 969.718 1417.19 1703.57
156 325.197 601.959 940.994 1411.49 1719.39 300.955 566.963 968.809 1415.82 1701.88
157 325.197 601.959 937.535 1411.49 1719.39 300.686 566.447 967.902 1414.45 1700.21
158 325.197 595.04 937.535 1411.49 1719.39 300.417 565.93 966.995 1413.08 1698.53
159 325.197 595.04 937.535 1411.49 1715.93 300.148 565.415 966.09 1411.71 1696.85
160 325.197 595.04 937.535 1411.49 1715.93 299.879 564.899 965.185 1410.35 1695.18
161 325.197 595.04 927.156 1411.49 1715.93 299.611 564.385 964.281 1408.99 1693.51
162 325.197 595.04 927.156 1408.03 1712.47 299.343 563.87 963.378 1407.63 1691.84
163 325.197 595.04 927.156 1408.03 1712.47 299.075 563.357 962.476 1406.27 1690.17
164 325.197 595.04 927.156 1408.03 1712.47 298.807 562.843 961.575 1404.91 1688.5
165 325.197 595.04 927.156 1408.03 1705.55 298.539 562.331 960.675 1403.55 1686.84
166 325.197 595.04 927.156 1408.03 1705.55 298.272 561.818 959.775 1402.2 1685.17
167 325.197 595.04 927.156 1404.57 1705.55 298.005 561.306 958.877 1400.84 1683.51
168 325.197 595.04 927.156 1404.57 1702.09 297.738 560.795 957.979 1399.49 1681.85
169 325.197 591.581 927.156 1404.57 1698.63 297.472 560.284 957.083 1398.14 1680.2
170 321.737 581.202 927.156 1404.57 1698.63 297.206 559.774 956.187 1396.79 1678.54
171 321.737 581.202 927.156 1404.57 1695.17 296.94 559.264 955.292 1395.44 1676.89
172 321.737 577.743 927.156 1404.57 1691.71 296.674 558.755 954.398 1394.09 1675.24
173 321.737 577.743 923.696 1401.11 1688.25 296.408 558.246 953.505 1392.75 1673.59
174 321.737 577.743 923.696 1401.11 1684.79 296.143 557.737 952.613 1391.4 1671.94
175 321.737 577.743 923.696 1397.65 1681.34 295.878 557.229 951.721 1390.06 1670.29
176 321.737 577.743 923.696 1397.65 1681.34 295.613 556.722 950.831 1388.72 1668.65
177 321.737 577.743 920.237 1397.65 1681.34 295.349 556.215 949.941 1387.38 1667
178 321.737 577.743 920.237 1397.65 1681.34 295.084 555.708 949.053 1386.04 1665.36
179 321.737 577.743 920.237 1397.65 1681.34 294.82 555.202 948.165 1384.7 1663.72
180 321.737 577.743 920.237 1394.19 1681.34 294.556 554.697 947.278 1383.37 1662.09
181 321.737 577.743 916.777 1394.19 1677.88 294.293 554.192 946.392 1382.03 1660.45
182 321.737 577.743 916.777 1394.19 1677.88 294.029 553.687 945.507 1380.7 1658.82
183 321.737 574.283 916.777 1394.19 1677.88 293.766 553.183 944.623 1379.37 1657.19
184 321.737 574.283 916.777 1390.73 1677.88 293.503 552.679 943.74 1378.04 1655.56
185 321.737 574.283 913.318 1390.73 1677.88 293.241 552.176 942.857 1376.71 1653.93
186 321.737 574.283 913.318 1390.73 1674.42 292.978 551.673 941.975 1375.38 1652.3
187 321.737 574.283 913.318 1390.73 1670.96 292.716 551.171 941.095 1374.06 1650.68
188 321.737 574.283 913.318 1387.27 1667.5 292.454 550.669 940.215 1372.73 1649.05
189 321.737 574.283 913.318 1383.81 1667.5 292.193 550.168 939.336 1371.41 1647.43
190 321.737 574.283 913.318 1383.81 1667.5 291.931 549.667 938.458 1370.09 1645.81
191 321.737 574.283 913.318 1380.36 1667.5 291.67 549.167 937.581 1368.77 1644.2
192 321.737 574.283 913.318 1380.36 1667.5 291.409 548.667 936.704 1367.45 1642.58
193 321.737 574.283 913.318 1376.9 1667.5 291.148 548.168 935.829 1366.13 1640.97
194 321.737 574.283 909.858 1376.9 1660.58 290.888 547.669 934.954 1364.82 1639.35
195 321.737 574.283 909.858 1373.44 1657.12 290.628 547.17 934.081 1363.5 1637.74
196 321.737 574.283 909.858 1373.44 1653.66 290.368 546.672 933.208 1362.19 1636.14
197 318.277 574.283 909.858 1373.44 1653.66 290.108 546.175 932.336 1360.88 1634.53
198 318.277 570.824 909.858 1373.44 1653.66 289.848 545.678 931.465 1359.57 1632.92
199 318.277 570.824 902.939 1369.98 1650.2 289.589 545.181 930.594 1358.26 1631.32
200 318.277 567.364 899.48 1369.98 1650.2 289.33 544.685 929.725 1356.95 1629.72
201 314.818 567.364 899.48 1369.98 1643.28 289.071 544.189 928.856 1355.65 1628.12
202 314.818 567.364 899.48 1366.52 1639.82 288.812 543.694 927.989 1354.34 1626.52
203 314.818 567.364 899.48 1363.06 1639.82 288.554 543.199 927.122 1353.04 1624.93
204 314.818 567.364 899.48 1356.14 1636.36 288.296 542.705 926.256 1351.74 1623.33
205 314.818 563.905 896.02 1356.14 1636.36 288.038 542.211 925.391 1350.44 1621.74
206 314.818 563.905 896.02 1352.68 1636.36 287.78 541.718 924.527 1349.14 1620.15
207 314.818 563.905 896.02 1352.68 1636.36 287.523 541.225 923.663 1347.84 1618.56
208 314.818 563.905 892.561 1352.68 1632.9 287.266 540.733 922.801 1346.54 1616.97
209 311.358 563.905 892.561 1352.68 1632.9 287.009 540.241 921.939 1345.25 1615.38
210 311.358 563.905 885.642 1352.68 1632.9 286.752 539.749 921.079 1343.95 1613.8
211 311.358 563.905 885.642 1349.22 1629.44 286.496 539.258 920.219 1342.66 1612.22
212 311.358 563.905 885.642 1349.22 1625.98 286.239 538.768 919.36 1341.37 1610.64
213 311.358 563.905 885.642 1342.3 1625.98 285.983 538.278 918.501 1340.08 1609.06
214 311.358 560.445 885.642 1342.3 1625.98 285.728 537.788 917.644 1338.79 1607.48
215 307.899 560.445 885.642 1342.3 1619.06 285.472 537.299 916.787 1337.5 1605.91
216 307.899 556.985 885.642 1342.3 1615.6 285.217 536.81 915.932 1336.22 1604.33
217 307.899 556.985 885.642 1342.3 1612.14 284.962 536.322 915.077 1334.93 1602.76
218 307.899 556.985 885.642 1342.3 1612.14 284.707 535.835 914.223 1333.65 1601.19
219 304.439 556.985 885.642 1342.3 1612.14 284.452 535.347 913.37 1332.37 1599.62
220 304.439 556.985 882.182 1342.3 1612.14 284.198 534.86 912.518 1331.09 1598.05
221 304.439 556.985 882.182 1342.3 1612.14 283.944 534.374 911.666 1329.81 1596.49
222 304.439 556.985 882.182 1342.3 1608.68 283.69 533.888 910.816 1328.53 1594.93
223 304.439 556.985 882.182 1342.3 1608.68 283.436 533.403 909.966 1327.26 1593.36
224 304.439 556.985 882.182 1342.3 1608.68 283.183 532.918 909.117 1325.98 1591.8
225 304.439 556.985 882.182 1342.3 1608.68 282.929 532.433 908.269 1324.71 1590.25
226 304.439 556.985 882.182 1338.84 1608.68 282.676 531.949 907.422 1323.44 1588.69
227 300.98 556.985 882.182 1338.84 1608.68 282.424 531.465 906.575 1322.17 1587.13
228 300.98 556.985 882.182 1338.84 1605.23 282.171 530.982 905.73 1320.9 1585.58
229 300.98 556.985 882.182 1338.84 1605.23 281.919 530.499 904.885 1319.63 1584.03
230 300.98 556.985 882.182 1338.84 1605.23 281.667 530.017 904.041 1318.36 1582.48
231 300.98 553.526 882.182 1338.84 1601.77 281.415 529.535 903.198 1317.09 1580.93
232 300.98 553.526 882.182 1338.84 1598.31 281.163 529.054 902.356 1315.83 1579.39
233 300.98 553.526 882.182 1335.38 1598.31 280.912 528.573 901.515 1314.57 1577.84
234 297.52 553.526 878.722 1335.38 1591.39 280.661 528.093 900.674 1313.31 1576.3
235 297.52 553.526 878.722 1331.92 1587.93 280.41 527.613 899.834 1312.05 1574.76
236 294.061 553.526 875.263 1331.92 1581.01 280.159 527.133 898.996 1310.79 1573.22
237 297.52 553.526 875.263 1331.92 1581.01 279.909 526.654 898.157 1309.53 1571.68
238 297.52 553.526 875.263 1331.92 1581.01 279.658 526.175 897.32 1308.27 1570.14
239 297.52 553.526 875.263 1328.46 1577.55 279.408 525.697 896.484 1307.02 1568.61
240 297.52 553.526 871.803 1325 1577.55 279.159 525.219 895.648 1305.76 1567.07
241 297.52 546.607 871.803 1321.54 1577.55 278.909 524.742 894.814 1304.51 1565.54
242 297.52 543.147 868.344 1321.54 1574.09 278.66 524.265 893.98 1303.26 1564.01
243 297.52 543.147 868.344 1314.62 1570.63 278.41 523.789 893.147 1302.01 1562.49
244 297.52 543.147 868.344 1314.62 1570.63 278.162 523.313 892.314 1300.76 1560.96
245 297.52 543.147 868.344 1311.16 1567.17 277.913 522.837 891.483 1299.52 1559.43
246 297.52 543.147 868.344 1311.16 1563.71 277.665 522.362 890.652 1298.27 1557.91
247 297.52 543.147 868.344 1311.16 1560.25 277.416 521.888 889.823 1297.03 1556.39
248 290.601 539.688 868.344 1311.16 1560.25 277.168 521.413 888.994 1295.78 1554.87
249 290.601 539.688 868.344 1304.25 1560.25 276.921 520.94 888.166 1294.54 1553.35
250 290.601 539.688 868.344 1300.79 1560.25 276.673 520.466 887.338 1293.3 1551.84
251 290.601 539.688 868.344 1300.79 1560.25 276.426 519.994 886.512 1292.06 1550.32
252 290.601 539.688 868.344 1300.79 1553.33 276.179 519.521 885.686 1290.82 1548.81
253 290.601 539.688 868.344 1297.33 1553.33 275.932 519.049 884.861 1289.59 1547.3
254 290.601 539.688 868.344 1297.33 1553.33 275.685 518.578 884.037 1288.35 1545.79
255 290.601 539.688 868.344 1297.33 1553.33 275.439 518.107 883.214 1287.12 1544.28
256 290.601 539.688 868.344 1297.33 1553.33 275.193 517.636 882.391 1285.88 1542.77
257 290.601 539.688 864.884 1297.33 1553.33 274.947 517.166 881.57 1284.65 1541.27
258 290.601 539.688 864.884 1297.33 1553.33 274.701 516.696 880.749 1283.42 1539.76
259 290.601 539.688 864.884 1297.33 1549.87 274.455 516.227 879.929 1282.19 1538.26
260 290.601 539.688 864.884 1293.87 1549.87 274.21 515.758 879.11 1280.97 1536.76
261 290.601 539.688 864.884 1293.87 1546.41 273.965 515.29 878.292 1279.74 1535.26
262 290.601 536.228 864.884 1290.41 1546.41 273.72 514.822 877.474 1278.51 1533.77
263 290.601 536.228 864.884 1290.41 1546.41 273.476 514.354 876.657 1277.29 1532.27
264 290.601 536.228 864.884 1290.41 1542.95 273.231 513.887 875.841 1276.07 1530.78
265 290.601 536.228 864.884 1290.41 1542.95 272.987 513.42 875.026 1274.85 1529.29
266 290.601 536.228 864.884 1283.49 1542.95 272.743 512.954 874.212 1273.63 1527.8
267 290.601 536.228 864.884 1280.03 1542.95 272.499 512.488 873.398 1272.41 1526.31
268 290.601 536.228 864.884 1280.03 1542.95 272.256 512.023 872.585 1271.19 1524.82
269 290.601 536.228 861.425 1280.03 1542.95 272.013 511.558 871.774 1269.97 1523.33
270 290.601 536.228 861.425 1276.57 1539.49 271.77 511.094 870.962 1268.76 1521.85
271 290.601 536.228 861.425 1276.57 1536.03 271.527 510.63 870.152 1267.55 1520.37
272 290.601 536.228 861.425 1273.11 1536.03 271.284 510.166 869.343 1266.33 1518.89
273 290.601 536.228 861.425 1269.65 1536.03 271.042 509.703 868.534 1265.12 1517.41
274 290.601 536.228 861.425 1266.19 1536.03 270.8 509.24 867.726 1263.91 1515.93
275 290.601 536.228 861.425 1262.73 1532.58 270.558 508.778 866.919 1262.7 1514.45
276 290.601 536.228 861.425 1262.73 1532.58 270.316 508.316 866.112 1261.5 1512.98
277 290.601 536.228 861.425 1262.73 1525.66 270.074 507.855 865.307 1260.29 1511.51
278 290.601 536.228 861.425 1262.73 1518.74 269.833 507.394 864.502 1259.08 1510.04
279 290.601 536.228 861.425 1262.73 1508.36 269.592 506.933 863.698 1257.88 1508.57
280 290.601 536.228 861.425 1262.73 1508.36 269.351 506.473 862.895 1256.68 1507.1
281 290.601 532.769 861.425 1259.27 1504.9 269.11 506.013 862.093 1255.48 1505.63
282 290.601 532.769 861.425 1259.27 1501.44 268.87 505.554 861.291 1254.28 1504.17
283 290.601 532.769 861.425 1259.27 1501.44 268.63 505.095 860.49 1253.08 1502.7
284 290.601 532.769 861.425 1255.81 1501.44 268.39 504.637 859.69 1251.88 1501.24
285 287.142 532.769 857.965 1255.81 1497.98 268.15 504.179 858.891 1250.69 1499.78
286 287.142 532.769 857.965 1255.81 1494.52 267.911 503.721 858.092 1249.49 1498.32
287 287.142 532.769 857.965 1255.81 1491.06 267.671 503.264 857.295 1248.3 1496.87
288 287.142 532.769 857.965 1255.81 1487.6 267.432 502.808 856.498 1247.11 1495.41
289 287.142 532.769 857.965 1255.81 1480.68 267.193 502.351 855.702 1245.91 1493.96
290 287.142 532.769 854.506 1245.43 1480.68 266.955 501.895 854.907 1244.72 1492.51
291 287.142 532.769 854.506 1245.43 1480.68 266.716 501.44 854.112 1243.54 1491.06
292 287.142 532.769 854.506 1245.43 1477.22 266.478 500.985 853.318 1242.35 1489.61
293 287.142 532.769 854.506 1245.43 1477.22 266.24 500.531 852.525 1241.16 1488.16
294 287.142 532.769 854.506 1245.43 1477.22 266.002 500.076 851.733 1239.98 1486.71
295 287.142 532.769 854.506 1241.97 1477.22 265.764 499.623 850.942 1238.79 1485.27
296 287.142 532.769 851.046 1241.97 1473.76 265.527 499.17 850.151 1237.61 1483.83
297 287.142 532.769 851.046 1238.51 1473.76 265.29 498.717 849.361 1236.43 1482.38
298 287.142 532.769 851.046 1238.51 1473.76 265.053 498.264 848.572 1235.25 1480.94
299 287.142 529.309 851.046 1238.51 1473.76 264.816 497.812 847.784 1234.07 1479.51
300 287.142 529.309 851.046 1235.05 1470.3 264.58 497.361 846.996 1232.89 1478.07
301 287.142 529.309 847.587 1231.6 1470.3 264.343 496.91 846.21 1231.72 1476.63
302 287.142 529.309 847.587 1231.6 1470.3 264.107 496.459 845.424 1230.54 1475.2
303 287.142 529.309 847.587 1231.6 1470.3 263.871 496.009 844.639 1229.37 1473.77
304 283.682 529.309 844.127 1228.14 1470.3 263.636 495.559 843.854 1228.2 1472.34
305 283.682 529.309 844.127 1224.68 1470.3 263.4 495.109 843.07 1227.02 1470.91
306 283.682 529.309 840.668 1217.76 1466.84 263.165 494.66 842.288 1225.85 1469.48
307 283.682 529.309 840.668 1214.3 1463.38 262.93 494.212 841.505 1224.68 1468.06
308 283.682 529.309 840.668 1214.3 1463.38 262.695 493.763 840.724 1223.52 1466.63
309 283.682 529.309 837.208 1214.3 1459.92 262.461 493.316 839.944 1222.35 1465.21
310 283.682 529.309 837.208 1214.3 1459.92 262.226 492.868 839.164 1221.18 1463.79
311 283.682 525.85 837.208 1214.3 1453.01 261.992 492.421 838.385 1220.02 1462.37
312 283.682 522.39 837.208 1210.84 1449.55 261.758 491.975 837.606 1218.86 1460.95
313 283.682 522.39 837.208 1210.84 1449.55 261.524 491.529 836.829 1217.7 1459.53
314 283.682 522.39 837.208 1210.84 1449.55 261.291 491.083 836.052 1216.53 1458.12
315 283.682 522.39 837.208 1207.38 1442.63 261.058 490.638 835.276 1215.38 1456.7
316 283.682 522.39 837.208 1203.92 1442.63 260.824 490.193 834.501 1214.22 1455.29
317 283.682 518.931 837.208 1203.92 1442.63 260.592 489.749 833.726 1213.06 1453.88
318 283.682 518.931 837.208 1203.92 1442.63 260.359 489.305 832.953 1211.9 1452.47
319 283.682 518.931 837.208 1203.92 1439.17 260.126 488.861 832.18 1210.75 1451.06
320 283.682 518.931 837.208 1200.46 1439.17 259.894 488.418 831.408 1209.6 1449.66
321 283.682 518.931 837.208 1200.46 1435.71 259.662 487.975 830.636 1208.44 1448.25
322 283.682 518.931 837.208 1200.46 1435.71 259.43 487.533 829.866 1207.29 1446.85
323 283.682 518.931 837.208 1200.46 1435.71 259.199 487.091 829.096 1206.14 1445.45
324 283.682 515.471 837.208 1200.46 1435.71 258.967 486.649 828.326 1204.99 1444.05
325 280.223 515.471 837.208 1200.46 1435.71 258.736 486.208 827.558 1203.85 1442.65
326 276.763 515.471 837.208 1197 1435.71 258.505 485.767 826.79 1202.7 1441.25
327 276.763 512.012 837.208 1197 1435.71 258.274 485.327 826.023 1201.56 1439.86
328 276.763 512.012 837.208 1197 1435.71 258.044 484.887 825.257 1200.41 1438.46
329 276.763 512.012 837.208 1197 1435.71 257.813 484.448 824.492 1199.27 1437.07
330 276.763 508.552 837.208 1197 1432.25 257.583 484.009 823.727 1198.13 1435.68
331 276.763 508.552 837.208 1197 1432.25 257.353 483.57 822.963 1196.99 1434.29
332 276.763 508.552 833.748 1197 1432.25 257.123 483.132 822.2 1195.85 1432.9
333 276.763 508.552 833.748 1197 1432.25 256.894 482.694 821.438 1194.71 1431.51
334 276.763 505.092 833.748 1193.54 1428.79 256.665 482.257 820.676 1193.57 1430.13
335 276.763 505.092 833.748 1190.08 1428.79 256.435 481.82 819.915 1192.44 1428.74
336 276.763 505.092 833.748 1190.08 1428.79 256.207 481.383 819.155 1191.3 1427.36
337 276.763 505.092 833.748 1190.08 1428.79 255.978 480.947 818.396 1190.17 1425.98
338 276.763 505.092 833.748 1190.08 1425.33 255.749 480.511 817.637 1189.04 1424.6
339 276.763 505.092 833.748 1190.08 1425.33 255.521 480.076 816.879 1187.91 1423.22
340 276.763 505.092 833.748 1186.62 1425.33 255.293 479.641 816.122 1186.78 1421.85
341 276.763 505.092 833.748 1186.62 1425.33 255.065 479.206 815.365 1185.65 1420.47
342 276.763 505.092 833.748 1186.62 1425.33 254.838 478.772 814.61 1184.52 1419.1
343 276.763 505.092 833.748 1186.62 1418.41 254.61 478.338 813.855 1183.39 1417.73
344 276.763 505.092 833.748 1186.62 1418.41 254.383 477.905 813.1 1182.27 1416.36
345 276.763 505.092 833.748 1183.16 1418.41 254.156 477.472 812.347 1181.14 1414.99
346 276.763 505.092 830.289 1179.7 1418.41 253.929 477.04 811.594 1180.02 1413.62
347 276.763 505.092 830.289 1176.24 1418.41 253.702 476.607 810.842 1178.9 1412.25
348 276.763 505.092 830.289 1176.24 1418.41 253.476 476.176 810.091 1177.78 1410.89
349 276.763 505.092 826.829 1165.86 1411.49 253.25 475.744 809.34 1176.66 1409.53
350 276.763 505.092 826.829 1162.4 1411.49 253.024 475.313 808.59 1175.54 1408.16
351 276.763 505.092 823.37 1162.4 1411.49 252.798 474.883 807.841 1174.42 1406.8
352 276.763 505.092 819.91 1162.4 1411.49 252.572 474.453 807.093 1173.31 1405.44
353 276.763 505.092 819.91 1162.4 1408.03 252.347 474.023 806.345 1172.19 1404.09
354 276.763 505.092 819.91 1158.94 1408.03 252.122 473.594 805.598 1171.08 1402.73
355 276.763 505.092 809.532 1158.94 1408.03 251.897 473.165 804.852 1169.97 1401.38
356 276.763 505.092 809.532 1158.94 1408.03 251.672 472.736 804.107 1168.86 1400.02
357 276.763 498.173 809.532 1158.94 1408.03 251.447 472.308 803.362 1167.75 1398.67
358 276.763 498.173 802.613 1158.94 1408.03 251.223 471.881 802.618 1166.64 1397.32
359 276.763 494.714 802.613 1158.94 1408.03 250.999 471.453 801.875 1165.53 1395.97
360 276.763 494.714 802.613 1155.49 1404.57 250.775 471.026 801.132 1164.42 1394.62
361 276.763 494.714 802.613 1155.49 1404.57 250.551 470.6 800.391 1163.32 1393.28
362 276.763 491.254 802.613 1155.49 1404.57 250.327 470.174 799.65 1162.21 1391.93
363 276.763 487.795 799.153 1148.57 1404.57 250.104 469.748 798.909 1161.11 1390.59
364 276.763 484.335 799.153 1148.57 1404.57 249.881 469.323 798.17 1160.01 1389.25
365 276.763 484.335 799.153 1148.57 1401.11 249.658 468.898 797.431 1158.9 1387.91
366 276.763 484.335 799.153 1148.57 1401.11 249.435 468.473 796.692 1157.8 1386.57
367 276.763 480.876 799.153 1148.57 1401.11 249.213 468.049 795.955 1156.71 1385.23
368 273.303 480.876 799.153 1148.57 1401.11 248.99 467.626 795.218 1155.61 1383.9
369 273.303 480.876 795.694 1148.57 1401.11 248.768 467.202 794.482 1154.51 1382.56
370 273.303 480.876 795.694 1148.57 1394.19 248.546 466.779 793.747 1153.42 1381.23
371 273.303 480.876 792.234 1145.11 1394.19 248.324 466.357 793.012 1152.32 1379.9
372 273.303 480.876 788.774 1145.11 1394.19 248.103 465.935 792.278 1151.23 1378.57
373 273.303 480.876 788.774 1145.11 1394.19 247.882 465.513 791.545 1150.14 1377.24
374 273.303 480.876 788.774 1145.11 1390.73 247.66 465.092 790.813 1149.04 1375.91
375 273.303 480.876 788.774 1145.11 1390.73 247.439 464.671 790.081 1147.95 1374.58
376 273.303 480.876 788.774 1145.11 1390.73 247.219 464.25 789.35 1146.87 1373.26
377 273.303 480.876 788.774 1141.65 1390.73 246.998 463.83 788.62 1145.78 1371.93
378 269.844 480.876 788.774 1141.65 1387.27 246.778 463.41 787.89 1144.69 1370.61
379 269.844 480.876 788.774 1141.65 1383.81 246.558 462.991 787.161 1143.61 1369.29
380 269.844 480.876 785.315 1141.65 1380.36 246.338 462.572 786.433 1142.52 1367.97
381 266.384 473.957 788.774 1141.65 1380.36 246.118 462.153 785.706 1141.44 1366.65
382 266.384 473.957 788.774 1138.19 1380.36 245.898 461.735 784.979 1140.36 1365.34
383 266.384 473.957 788.774 1138.19 1376.9 245.679 461.317 784.253 1139.28 1364.02
384 266.384 473.957 788.774 1138.19 1373.44 245.46 460.9 783.528 1138.2 1362.71
385 266.384 470.497 785.315 1138.19 1373.44 245.241 460.483 782.803 1137.12 1361.4
386 266.384 470.497 785.315 1131.27 1373.44 245.022 460.066 782.079 1136.04 1360.09
387 266.384 470.497 781.855 1124.35 1373.44 244.804 459.65 781.356 1134.96 1358.78
388 266.384 470.497 781.855 1124.35 1373.44 244.585 459.234 780.633 1133.89 1357.47
389 266.384 470.497 781.855 1124.35 1373.44 244.367 458.818 779.912 1132.81 1356.16
390 262.925 470.497 781.855 1124.35 1373.44 244.149 458.403 779.19 1131.74 1354.86
391 262.925 467.038 781.855 1120.89 1373.44 243.931 457.988 778.47 1130.67 1353.55
392 262.925 467.038 781.855 1117.43 1369.98 243.714 457.574 777.75 1129.6 1352.25
393 262.925 467.038 781.855 1117.43 1369.98 243.497 457.16 777.031 1128.53 1350.95
394 262.925 467.038 781.855 1117.43 1369.98 243.279 456.747 776.313 1127.46 1349.65
395 262.925 467.038 781.855 1117.43 1369.98 243.062 456.333 775.595 1126.39 1348.35
396 262.925 467.038 781.855 1117.43 1366.52 242.846 455.921 774.879 1125.32 1347.05
397 262.925 467.038 781.855 1117.43 1366.52 242.629 455.508 774.162 1124.26 1345.76
398 262.925 467.038 781.855 1117.43 1363.06 242.413 455.096 773.447 1123.19 1344.46
399 262.925 467.038 781.855 1117.43 1363.06 242.196 454.685 772.732 1122.13 1343.17
400 262.925 467.038 781.855 1117.43 1363.06 241.98 454.273 772.018 1121.07 1341.88
401 262.925 467.038 778.396 1117.43 1363.06 241.765 453.862 771.304 1120.01 1340.59
402 262.925 467.038 774.936 1117.43 1359.6 241.549 453.452 770.592 1118.95 1339.3
403 262.925 467.038 774.936 1117.43 1359.6 241.334 453.042 769.88 1117.89 1338.01
404 262.925 463.578 771.477 1117.43 1359.6 241.118 452.632 769.168 1116.83 1336.73
405 262.925 463.578 774.936 1113.97 1356.14 240.903 452.223 768.458 1115.77 1335.44
406 262.925 463.578 774.936 1113.97 1356.14 240.689 451.814 767.748 1114.72 1334.16
407 262.925 463.578 774.936 1113.97 1352.68 240.474 451.405 767.038 1113.66 1332.88
408 262.925 463.578 774.936 1113.97 1349.22 240.26 450.997 766.33 1112.61 1331.59
409 262.925 460.118 774.936 1113.97 1349.22 240.045 450.589 765.622 1111.55 1330.32
410 262.925 456.659 774.936 1113.97 1349.22 239.831 450.182 764.915 1110.5 1329.04
411 262.925 456.659 774.936 1113.97 1349.22 239.617 449.775 764.208 1109.45 1327.76
412 262.925 456.659 774.936 1110.51 1349.22 239.404 449.368 763.502 1108.4 1326.49
413 262.925 456.659 774.936 1110.51 1345.76 239.19 448.962 762.797 1107.35 1325.21
414 262.925 456.659 774.936 1110.51 1342.3 238.977 448.556 762.093 1106.31 1323.94
415 262.925 456.659 774.936 1110.51 1342.3 238.764 448.15 761.389 1105.26 1322.67
416 262.925 456.659 774.936 1107.05 1342.3 238.551 447.745 760.686 1104.22 1321.4
417 262.925 456.659 774.936 1110.51 1338.84 238.338 447.34 759.984 1103.17 1320.13
418 262.925 456.659 771.477 1110.51 1338.84 238.126 446.936 759.282 1102.13 1318.86
419 262.925 456.659 771.477 1110.51 1338.84 237.914 446.532 758.581 1101.09 1317.59
420 262.925 456.659 768.017 1110.51 1335.38 237.701 446.128 757.881 1100.05 1316.33
421 262.925 456.659 768.017 1110.51 1335.38 237.49 445.725 757.181 1099.01 1315.07
422 262.925 456.659 768.017 1110.51 1335.38 237.278 445.322 756.482 1097.97 1313.8
423 262.925 456.659 768.017 1110.51 1335.38 237.066 444.919 755.784 1096.93 1312.54
424 262.925 456.659 764.558 1110.51 1335.38 236.855 444.517 755.086 1095.89 1311.28
425 262.925 456.659 764.558 1107.05 1331.92 236.644 444.116 754.389 1094.86 1310.03
426 262.925 456.659 764.558 1107.05 1331.92 236.433 443.714 753.693 1093.82 1308.77
427 262.925 456.659 761.098 1103.59 1328.46 236.222 443.313 752.997 1092.79 1307.51
428 262.925 456.659 761.098 1103.59 1328.46 236.011 442.912 752.302 1091.76 1306.26
429 262.925 456.659 761.098 1103.59 1328.46 235.801 442.512 751.608 1090.72 1305.01
430 262.925 456.659 761.098 1100.13 1328.46 235.591 442.112 750.914 1089.69 1303.76
431 262.925 453.199 757.639 1096.67 1328.46 235.381 441.713 750.221 1088.66 1302.51
432 262.925 453.199 750.72 1096.67 1328.46 235.171 441.313 749.529 1087.64 1301.26
433 262.925 453.199 750.72 1089.75 1328.46 234.961 440.915 748.837 1086.61 1300.01
434 262.925 453.199 747.26 1086.29 1328.46 234.752 440.516 748.147 1085.58 1298.76
435 262.925 453.199 747.26 1086.29 1328.46 234.543 440.118 747.456 1084.56 1297.52
436 262.925 453.199 747.26 1086.29 1328.46 234.334 439.72 746.767 1083.53 1296.27
437 262.925 453.199 743.801 1082.84 1328.46 234.125 439.323 746.078 1082.51 1295.03
438 262.925 453.199 743.801 1082.84 1328.46 233.916 438.926 745.39 1081.49 1293.79
439 262.925 453.199 743.801 1082.84 1328.46 233.708 438.53 744.702 1080.47 1292.55
440 262.925 453.199 743.801 1082.84 1325 233.499 438.133 744.015 1079.45 1291.31
441 262.925 453.199 743.801 1082.84 1325 233.291 437.738 743.329 1078.43 1290.07
442 262.925 453.199 743.801 1082.84 1325 233.083 437.342 742.643 1077.41 1288.84
443 262.925 453.199 743.801 1079.38 1325 232.876 436.947 741.958 1076.39 1287.6
444 262.925 449.74 743.801 1079.38 1318.08 232.668 436.552 741.274 1075.38 1286.37
445 262.925 449.74 743.801 1079.38 1314.62 232.461 436.158 740.591 1074.36 1285.14
446 262.925 449.74 743.801 1079.38 1314.62 232.253 435.764 739.908 1073.35 1283.91
447 262.925 449.74 743.801 1075.92 1314.62 232.046 435.37 739.225 1072.34 1282.68
448 262.925 449.74 743.801 1075.92 1314.62 231.84 434.977 738.544 1071.33 1281.45
449 262.925 449.74 743.801 1075.92 1307.71 231.633 434.584 737.863 1070.31 1280.22
450 262.925 449.74 743.801 1069 1304.25 231.427 434.191 737.183 1069.3 1279
451 262.925 449.74 743.801 1069 1304.25 231.22 433.799 736.503 1068.3 1277.77
452 262.925 449.74 743.801 1069 1304.25 231.014 433.407 735.824 1067.29 1276.55
453 262.925 449.74 743.801 1069 1304.25 230.808 433.016 735.146 1066.28 1275.33
454 262.925 449.74 743.801 1069 1304.25 230.603 432.625 734.468 1065.28 1274.11
455 262.925 449.74 743.801 1069 1300.79 230.397 432.234 733.791 1064.27 1272.89
456 262.925 449.74 740.341 1069 1300.79 230.192 431.844 733.115 1063.27 1271.67
457 262.925 449.74 740.341 1069 1300.79 229.987 431.454 732.439 1062.27 1270.45
458 262.925 446.28 740.341 1069 1300.79 229.782 431.064 731.764 1061.26 1269.24
459 262.925 446.28 740.341 1065.54 1300.79 229.577 430.675 731.09 1060.26 1268.02
460 262.925 446.28 736.881 1062.08 1300.79 229.373 430.286 730.416 1059.26 1266.81
461 262.925 446.28 736.881 1058.62 1300.79 229.168 429.897 729.743 1058.27 1265.6
462 262.925 446.28 733.422 1055.16 1300.79 228.964 429.509 729.071 1057.27 1264.39
463 262.925 446.28 733.422 1055.16 1300.79 228.76 429.121 728.399 1056.27 1263.18
464 262.925 446.28 733.422 1055.16 1297.33 228.556 428.734 727.728 1055.28 1261.97
465 262.925 446.28 729.962 1055.16 1293.87 228.352 428.347 727.057 1054.28 1260.77
466 262.925 446.28 729.962 1055.16 1290.41 228.149 427.96 726.388 1053.29 1259.56
467 262.925 446.28 729.962 1055.16 1283.49 227.946 427.574 725.718 1052.3 1258.36
468 262.925 442.821 729.962 1051.7 1283.49 227.743 427.188 725.05 1051.3 1257.15
469 262.925 442.821 729.962 1051.7 1280.03 227.54 426.802 724.382 1050.31 1255.95
470 262.925 442.821 729.962 1051.7 1280.03 227.337 426.417 723.715 1049.33 1254.75
471 259.465 439.361 729.962 1051.7 1280.03 227.134 426.032 723.048 1048.34 1253.55
472 259.465 439.361 729.962 1051.7 1276.57 226.932 425.647 722.382 1047.35 1252.36
473 252.546 439.361 729.962 1051.7 1276.57 226.73 425.263 721.717 1046.36 1251.16
474 252.546 439.361 726.503 1051.7 1276.57 226.528 424.879 721.052 1045.38 1249.96
475 252.546 439.361 726.503 1051.7 1276.57 226.326 424.495 720.388 1044.39 1248.77
476 252.546 439.361 726.503 1051.7 1276.57 226.125 424.112 719.725 1043.41 1247.58
477 252.546 439.361 726.503 1044.78 1276.57 225.923 423.729 719.062 1042.43 1246.38
478 252.546 439.361 726.503 1044.78 1273.11 225.722 423.347 718.4 1041.45 1245.19
479 252.546 435.902 726.503 1044.78 1273.11 225.521 422.965 717.739 1040.47 1244.01
480 249.087 435.902 726.503 1044.78 1273.11 225.32 422.583 717.078 1039.49 1242.82
481 249.087 435.902 726.503 1041.32 1273.11 225.119 422.202 716.418 1038.51 1241.63
482 249.087 435.902 726.503 1037.86 1266.19 224.919 421.821 715.758 1037.53 1240.45
483 249.087 432.442 726.503 1030.94 1262.73 224.718 421.44 715.099 1036.55 1239.26
484 249.087 432.442 723.043 1030.94 1262.73 224.518 421.06 714.441 1035.58 1238.08
485 249.087 432.442 723.043 1027.48 1259.27 224.318 420.68 713.783 1034.6 1236.9
486 249.087 432.442 723.043 1027.48 1259.27 224.118 420.3 713.126 1033.63 1235.72
487 249.087 432.442 723.043 1027.48 1252.35 223.919 419.921 712.47 1032.66 1234.54
488 245.627 432.442 723.043 1027.48 1252.35 223.719 419.542 711.814 1031.69 1233.36
489 245.627 432.442 723.043 1027.48 1248.89 223.52 419.163 711.159 1030.72 1232.18
490 245.627 432.442 723.043 1027.48 1248.89 223.321 418.785 710.505 1029.75 1231.01
491 245.627 432.442 719.584 1027.48 1245.43 223.122 418.407 709.851 1028.78 1229.83
492 245.627 432.442 719.584 1027.48 1245.43 222.923 418.03 709.198 1027.81 1228.66
493 245.627 432.442 719.584 1027.48 1245.43 222.725 417.652 708.545 1026.84 1227.49
494 245.627 432.442 719.584 1027.48 1245.43 222.526 417.276 707.893 1025.88 1226.32
495 245.627 432.442 719.584 1027.48 1245.43 222.328 416.899 707.242 1024.91 1225.15
496 245.627 432.442 719.584 1027.48 1245.43 222.13 416.523 706.591 1023.95 1223.98
497 245.627 432.442 716.124 1027.48 1245.43 221.932 416.147 705.941 1022.99 1222.81
498 245.627 432.442 716.124 1027.48 1245.43 221.735 415.772 705.292 1022.02 1221.64
499 245.627 432.442 712.665 1024.02 1245.43 221.537 415.397 704.643 1021.06 1220.48
500 245.627 432.442 712.665 1024.02 1245.43 221.34 415.022 703.995 1020.1 1219.32
501 245.627 432.442 712.665 1024.02 1245.43 221.143 414.648 703.347 1019.14 1218.15
502 245.627 432.442 709.205 1024.02 1245.43 220.946 414.274 702.7 1018.19 1216.99
503 245.627 432.442 709.205 1020.56 1245.43 220.749 413.9 702.054 1017.23 1215.83
504 245.627 428.983 709.205 1020.56 1241.97 220.552 413.527 701.408 1016.27 1214.67
505 245.627 428.983 709.205 1020.56 1241.97 220.356 413.154 700.763 1015.32 1213.52
506 245.627 428.983 709.205 1017.1 1241.97 220.16 412.781 700.119 1014.36 1212.36
507 245.627 428.983 709.205 1017.1 1238.51 219.964 412.409 699.475 1013.41 1211.21
508 245.627 428.983 705.746 1010.18 1238.51 219.768 412.037 698.832 1012.46 1210.05
509 245.627 428.983 702.286 1010.18 1235.05 219.572 411.665 698.189 1011.51 1208.9
510 245.627 428.983 702.286 1010.18 1235.05 219.377 411.294 697.547 1010.56 1207.75
511 245.627 428.983 702.286 1010.18 1235.05 219.181 410.923 696.906 1009.61 1206.6
512 245.627 428.983 702.286 1010.18 1235.05 218.986 410.552 696.265 1008.66 1205.45
513 245.627 428.983 702.286 1010.18 1231.6 218.791 410.182 695.625 1007.71 1204.3
514 245.627 428.983 702.286 1010.18 1231.6 218.596 409.812 694.986 1006.77 1203.15
515 245.627 428.983 702.286 1006.73 1231.6 218.402 409.443 694.347 1005.82 1202.01
516 245.627 428.983 702.286 1006.73 1231.6 218.207 409.073 693.708 1004.88 1200.86
517 245.627 428.983 702.286 1006.73 1231.6 218.013 408.704 693.071 1003.93 1199.72
518 245.627 428.983 702.286 1006.73 1231.6 217.819 408.336 692.434 1002.99 1198.58
519 245.627 428.983 698.827 1006.73 1231.6 217.625 407.968 691.797 1002.05 1197.44
520 245.627 428.983 698.827 1006.73 1231.6 217.431 407.6 691.162 1001.11 1196.3
521 245.627 425.523 698.827 1006.73 1231.6 217.237 407.232 690.526 1000.17 1195.16
522 245.627 425.523 698.827 1006.73 1231.6 217.044 406.865 689.892 999.228 1194.02
523 245.627 425.523 698.827 1006.73 1231.6 216.851 406.498 689.258 998.29 1192.89
524 245.627 425.523 698.827 1006.73 1231.6 216.658 406.132 688.624 997.353 1191.75
525 245.627 425.523 695.367 1006.73 1228.14 216.465 405.766 687.992 996.417 1190.62
526 245.627 425.523 695.367 1006.73 1231.6 216.272 405.4 687.36 995.481 1189.48
527 245.627 425.523 695.367 1003.27 1231.6 216.08 405.034 686.728 994.547 1188.35
528 245.627 425.523 695.367 999.806 1228.14 215.887 404.669 686.097 993.614 1187.22
529 245.627 425.523 695.367 999.806 1228.14 215.695 404.304 685.467 992.682 1186.09
530 245.627 425.523 691.907 999.806 1224.68 215.503 403.94 684.837 991.75 1184.97
531 245.627 425.523 688.448 999.806 1224.68 215.311 403.576 684.208 990.82 1183.84
532 245.627 425.523 688.448 999.806 1221.22 215.119 403.212 683.579 989.89 1182.71
533 245.627 425.523 688.448 996.347 1221.22 214.928 402.849 682.952 988.962 1181.59
534 245.627 425.523 688.448 989.428 1221.22 214.737 402.486 682.324 988.034 1180.46
535 245.627 425.523 688.448 985.968 1221.22 214.545 402.123 681.698 987.107 1179.34
536 245.627 425.523 688.448 985.968 1221.22 214.354 401.76 681.071 986.182 1178.22
537 245.627 425.523 688.448 985.968 1221.22 214.164 401.398 680.446 985.257 1177.1
538 245.627 425.523 688.448 982.509 1221.22 213.973 401.036 679.821 984.333 1175.98
539 245.627 425.523 681.529 982.509 1221.22 213.782 400.675 679.197 983.41 1174.87
540 245.627 425.523 681.529 982.509 1221.22 213.592 400.314 678.573 982.488 1173.75
541 245.627 425.523 678.069 982.509 1221.22 213.402 399.953 677.95 981.567 1172.63
542 245.627 425.523 678.069 982.509 1217.76 213.212 399.593 677.328 980.646 1171.52
543 245.627 425.523 678.069 982.509 1217.76 213.022 399.233 676.706 979.727 1170.41
544 245.627 425.523 678.069 982.509 1217.76 212.833 398.873 676.084 978.809 1169.29
545 245.627 425.523 678.069 982.509 1217.76 212.643 398.513 675.464 977.891 1168.18
546 245.627 425.523 678.069 982.509 1214.3 212.454 398.154 674.844 976.975 1167.07
547 245.627 425.523 678.069 982.509 1214.3 212.265 397.796 674.224 976.059 1165.97
548 245.627 425.523 678.069 982.509 1210.84 212.076 397.437 673.605 975.144 1164.86
549 245.627 425.523 678.069 982.509 1210.84 211.887 397.079 672.987 974.23 1163.75
550 245.627 425.523 674.61 982.509 1210.84 211.699 396.721 672.369 973.317 1162.65
551 245.627 425.523 671.15 982.509 1210.84 211.51 396.364 671.752 972.405 1161.54
552 245.627 425.523 671.15 979.049 1207.38 211.322 396.007 671.135 971.494 1160.44
553 245.627 425.523 671.15 979.049 1207.38 211.134 395.65 670.519 970.584 1159.34
554 245.627 425.523 671.15 979.049 1207.38 210.946 395.293 669.904 969.675 1158.24
555 245.627 425.523 671.15 979.049 1207.38 210.758 394.937 669.289 968.767 1157.14
556 245.627 422.064 671.15 979.049 1207.38 210.571 394.582 668.675 967.859 1156.04
557 245.627 422.064 671.15 979.049 1207.38 210.383 394.226 668.062 966.953 1154.94
558 245.627 422.064 671.15 979.049 1207.38 210.196 393.871 667.449 966.047 1153.85
559 245.627 422.064 667.691 979.049 1207.38 210.009 393.516 666.836 965.142 1152.75
560 245.627 422.064 667.691 979.049 1207.38 209.822 393.162 666.224 964.238 1151.66
561 245.627 422.064 667.691 979.049 1207.38 209.635 392.808 665.613 963.336 1150.57
562 245.627 422.064 667.691 979.049 1207.38 209.449 392.454 665.002 962.434 1149.48
563 245.627 422.064 667.691 979.049 1207.38 209.262 392.1 664.392 961.532 1148.39
564 245.627 422.064 667.691 979.049 1207.38 209.076 391.747 663.783 960.632 1147.3
565 245.627 422.064 667.691 979.049 1207.38 208.89 391.394 663.174 959.733 1146.21
566 245.627 418.604 667.691 975.59 1207.38 208.704 391.042 662.566 958.835 1145.12
567 245.627 418.604 667.691 975.59 1203.92 208.519 390.69 661.958 957.937 1144.04
568 245.627 418.604 667.691 975.59 1203.92 208.333 390.338 661.351 957.04 1142.95
569 245.627 418.604 667.691 972.13 1203.92 208.148 389.986 660.744 956.145 1141.87
570 245.627 415.144 664.231 972.13 1200.46 207.962 389.635 660.138 955.25 1140.78
571 245.627 415.144 664.231 972.13 1200.46 207.777 389.284 659.533 954.356 1139.7
572 245.627 415.144 664.231 965.211 1200.46 207.593 388.933 658.928 953.463 1138.62
573 245.627 415.144 664.231 965.211 1200.46 207.408 388.583 658.324 952.571 1137.54
574 245.627 415.144 664.231 965.211 1200.46 207.223 388.233 657.72 951.679 1136.46
575 245.627 415.144 664.231 965.211 1200.46 207.039 387.884 657.117 950.789 1135.39
576 245.627 415.144 664.231 965.211 1200.46 206.855 387.534 656.515 949.9 1134.31
577 245.627 415.144 664.231 965.211 1200.46 206.671 387.185 655.913 949.011 1133.24
578 245.627 411.685 664.231 965.211 1197 206.487 386.837 655.311 948.123 1132.16
579 245.627 411.685 664.231 965.211 1193.54 206.303 386.489 654.71 947.236 1131.09
580 245.627 408.225 664.231 965.211 1190.08 206.12 386.141 654.11 946.35 1130.02
581 245.627 408.225 660.772 965.211 1190.08 205.936 385.793 653.511 945.465 1128.95
582 245.627 408.225 660.772 961.751 1190.08 205.753 385.446 652.912 944.581 1127.88
583 245.627 408.225 657.312 961.751 1190.08 205.57 385.099 652.313 943.698 1126.81
584 245.627 408.225 657.312 961.751 1190.08 205.387 384.752 651.715 942.815 1125.74
585 245.627 404.766 657.312 961.751 1190.08 205.204 384.405 651.118 941.934 1124.68
586 245.627 404.766 653.853 961.751 1186.62 205.022 384.059 650.521 941.053 1123.61
587 245.627 404.766 653.853 958.292 1186.62 204.839 383.714 649.925 940.173 1122.55
588 245.627 404.766 653.853 958.292 1186.62 204.657 383.368 649.329 939.295 1121.49
589 245.627 404.766 650.393 958.292 1186.62 204.475 383.023 648.734 938.417 1120.42
590 245.627 404.766 650.393 958.292 1186.62 204.293 382.678 648.14 937.539 1119.36
591 245.627 404.766 650.393 958.292 1186.62 204.111 382.334 647.546 936.663 1118.3
592 242.168 404.766 650.393 958.292 1186.62 203.93 381.99 646.952 935.788 1117.25
593 242.168 404.766 650.393 958.292 1186.62 203.748 381.646 646.36 934.913 1116.19
594 238.708 404.766 650.393 958.292 1186.62 203.567 381.302 645.767 934.039 1115.13
595 238.708 404.766 650.393 958.292 1183.16 203.386 380.959 645.176 933.167 1114.08
596 235.249 404.766 650.393 954.832 1179.7 203.205 380.616 644.585 932.295 1113.02
597 235.249 404.766 650.393 954.832 1176.24 203.024 380.274 643.994 931.424 1111.97
598 235.249 404.766 650.393 954.832 1172.78 202.844 379.931 643.404 930.553 1110.92
599 235.249 404.766 646.933 951.373 1172.78 202.663 379.59 642.815 929.684 1109.87
600 235.249 404.766 646.933 951.373 1172.78 202.483 379.248 642.226 928.816 1108.82
601 235.249 404.766 646.933 947.913 1172.78 202.303 378.907 641.638 927.948 1107.77
602 235.249 404.766 643.474 947.913 1172.78 202.123 378.566 641.05 927.081 1106.72
603 235.249 404.766 640.014 947.913 1172.78 201.943 378.225 640.463 926.215 1105.67
604 235.249 404.766 640.014 947.913 1172.78 201.764 377.885 639.876 925.35 1104.63
605 235.249 404.766 640.014 947.913 1169.32 201.584 377.545 639.29 924.486 1103.58
606 235.249 404.766 636.555 947.913 1169.32 201.405 377.205 638.705 923.623 1102.54
607 235.249 404.766 633.095 947.913 1169.32 201.226 376.865 638.12 922.76 1101.5
608 235.249 401.306 633.095 947.913 1169.32 201.047 376.526 637.536 921.899 1100.46
609 235.249 401.306 629.636 947.913 1169.32 200.868 376.188 636.952 921.038 1099.42
610 235.249 401.306 629.636 944.454 1169.32 200.689 375.849 636.369 920.178 1098.38
611 235.249 401.306 629.636 944.454 1169.32 200.511 375.511 635.786 919.319 1097.34
612 235.249 397.847 629.636 944.454 1169.32 200.333 375.173 635.204 918.461 1096.3
613 235.249 397.847 629.636 944.454 1169.32 200.154 374.835 634.622 917.604 1095.27
614 235.249 397.847 629.636 944.454 1169.32 199.976 374.498 634.041 916.747 1094.23
615 235.249 394.387 629.636 944.454 1169.32 199.799 374.161 633.461 915.892 1093.2
616 235.249 394.387 629.636 944.454 1169.32 199.621 373.825 632.881 915.037 1092.16
617 235.249 394.387 626.176 944.454 1169.32 199.443 373.488 632.302 914.183 1091.13
618 235.249 394.387 626.176 944.454 1169.32 199.266 373.152 631.723 913.33 1090.1
619 235.249 394.387 626.176 937.535 1169.32 199.089 372.817 631.145 912.477 1089.07
620 235.249 394.387 626.176 934.075 1169.32 198.912 372.481 630.567 911.626 1088.04
621 235.249 394.387 626.176 934.075 1169.32 198.735 372.146 629.99 910.776 1087.02
622 235.249 394.387 622.717 934.075 1165.86 198.558 371.812 629.413 909.926 1085.99
623 235.249 390.928 622.717 934.075 1162.4 198.382 371.477 628.837 909.077 1084.96
624 235.249 390.928 622.717 934.075 1162.4 198.205 371.143 628.262 908.229 1083.94
625 235.249 390.928 622.717 934.075 1162.4 198.029 370.809 627.687 907.382 1082.91
626 235.249 390.928 622.717 934.075 1158.94 197.853 370.476 627.113 906.535 1081.89
627 235.249 390.928 622.717 930.616 1158.94 197.677 370.142 626.539 905.69 1080.87
628 235.249 390.928 622.717 927.156 1158.94 197.501 369.81 625.965 904.845 1079.85
629 231.789 390.928 622.717 927.156 1158.94 197.325 369.477 625.393 904.001 1078.83
630 231.789 390.928 622.717 923.696 1158.94 197.15 369.145 624.82 903.158 1077.81
631 231.789 390.928 622.717 923.696 1158.94 196.975 368.813 624.249 902.316 1076.8
632 231.789 390.928 622.717 923.696 1158.94 196.8 368.481 623.678 901.475 1075.78
633 231.789 387.468 622.717 923.696 1158.94 196.625 368.15 623.107 900.635 1074.76
634 231.789 387.468 622.717 923.696 1158.94 196.45 367.819 622.537 899.795 1073.75
635 231.789 387.468 622.717 923.696 1158.94 196.275 367.488 621.968 898.956 1072.74
636 231.789 387.468 622.717 916.777 1158.94 196.101 367.157 621.399 898.118 1071.72
637 231.789 387.468 622.717 916.777 1158.94 195.926 366.827 620.83 897.281 1070.71
638 231.789 387.468 622.717 916.777 1158.94 195.752 366.497 620.263 896.445 1069.7
639 231.789 387.468 622.717 916.777 1158.94 195.578 366.168 619.695 895.609 1068.69
640 231.789 387.468 622.717 916.777 1155.49 195.404 365.839 619.128 894.774 1067.69
641 231.789 387.468 622.717 916.777 1155.49 195.23 365.51 618.562 893.94 1066.68
642 231.789 384.009 619.257 913.318 1155.49 195.057 365.181 617.997 893.107 1065.67
643 231.789 384.009 619.257 913.318 1155.49 194.883 364.853 617.431 892.275 1064.67
644 231.789 384.009 619.257 913.318 1155.49 194.71 364.525 616.867 891.444 1063.66
645 231.789 380.549 619.257 909.858 1155.49 194.537 364.197 616.303 890.613 1062.66
646 231.789 380.549 619.257 909.858 1155.49 194.364 363.869 615.739 889.784 1061.66
647 231.789 380.549 619.257 906.399 1155.49 194.191 363.542 615.176 888.955 1060.66
648 231.789 380.549 619.257 906.399 1152.03 194.019 363.215 614.614 888.127 1059.66
649 231.789 380.549 615.798 906.399 1148.57 193.846 362.889 614.052 887.299 1058.66
